%YAML:1.0
---
image_width: 640
image_height: 480
camera_matrix: !!opencv-matrix
   rows: 3
   cols: 3
   dt: d
   data: [ 9.2730004245864950e+02, 0., 3.5689035902355124e+02, 0.,
       9.3202810506563469e+02, 2.4921783008328606e+02, 0., 0., 1. ]
distortion_coefficients: !!opencv-matrix
   rows: 1
   cols: 5
   dt: d
   data: [ -2.7496876053338778e-02, 2.6835537433723529e+00,
       8.8602477096542194e-04, 4.0651717606854983e-03,
       -1.2148350076095600e+01 ]
